1.000000	0.000000
2.000000	0.000000
3.000000	0.000000
4.000000	0.000000
5.000000	0.000001
6.000000	0.000000
7.000000	0.000000
8.000000	0.000001
9.000000	0.000000
10.000000	0.000000
11.000000	0.000001
12.000000	0.000000
13.000000	0.000000
14.000000	0.000001
15.000000	0.000000
16.000000	0.000001
17.000000	0.000001
18.000000	0.000014
19.000000	0.000000
20.000000	0.000001
21.000000	0.000001
22.000000	0.000001
23.000000	0.000001
24.000000	0.000001
25.000000	0.000001
26.000000	0.000001
27.000000	0.000001
28.000000	0.000001
29.000000	0.000001
30.000000	0.000002
31.000000	0.000002
32.000000	0.000001
33.000000	0.000001
34.000000	0.000001
35.000000	0.000001
36.000000	0.000001
37.000000	0.000002
38.000000	0.000002
39.000000	0.000002
40.000000	0.000002
41.000000	0.000002
42.000000	0.000002
43.000000	0.000002
44.000000	0.000003
45.000000	0.000002
46.000000	0.000003
47.000000	0.000003
48.000000	0.000003
49.000000	0.000003
50.000000	0.000002
51.000000	0.000002
52.000000	0.000003
53.000000	0.000003
54.000000	0.000003
55.000000	0.000003
56.000000	0.000003
57.000000	0.000004
58.000000	0.000004
59.000000	0.000004
60.000000	0.000003
61.000000	0.000004
62.000000	0.000004
63.000000	0.000004
64.000000	0.000004
65.000000	0.000005
66.000000	0.000005
67.000000	0.000004
68.000000	0.000005
69.000000	0.000005
70.000000	0.000004
71.000000	0.000005
72.000000	0.000005
73.000000	0.000005
74.000000	0.000005
75.000000	0.000006
76.000000	0.000005
77.000000	0.000006
78.000000	0.000005
79.000000	0.000005
80.000000	0.000005
81.000000	0.000018
82.000000	0.000006
83.000000	0.000006
84.000000	0.000006
85.000000	0.000006
86.000000	0.000007
87.000000	0.000007
88.000000	0.000006
89.000000	0.000007
90.000000	0.000007
91.000000	0.000007
92.000000	0.000007
93.000000	0.000008
94.000000	0.000007
95.000000	0.000007
96.000000	0.000008
97.000000	0.000008
98.000000	0.000008
99.000000	0.000040
100.000000	0.000008
101.000000	0.000008
102.000000	0.000009
103.000000	0.000008
104.000000	0.000009
105.000000	0.000009
106.000000	0.000009
107.000000	0.000009
108.000000	0.000009
109.000000	0.000009
110.000000	0.000010
111.000000	0.000010
112.000000	0.000010
113.000000	0.000010
114.000000	0.000010
115.000000	0.000023
116.000000	0.000010
117.000000	0.000010
118.000000	0.000011
119.000000	0.000011
120.000000	0.000011
121.000000	0.000011
122.000000	0.000011
123.000000	0.000011
124.000000	0.000012
125.000000	0.000012
126.000000	0.000012
127.000000	0.000012
128.000000	0.000026
129.000000	0.000013
130.000000	0.000014
131.000000	0.000013
132.000000	0.000032
133.000000	0.000014
134.000000	0.000013
135.000000	0.000013
136.000000	0.000014
137.000000	0.000015
138.000000	0.000033
139.000000	0.000015
140.000000	0.000029
141.000000	0.000014
142.000000	0.000015
143.000000	0.000015
144.000000	0.000015
145.000000	0.000016
146.000000	0.000016
147.000000	0.000017
148.000000	0.000017
149.000000	0.000017
150.000000	0.000017
151.000000	0.000017
152.000000	0.000017
153.000000	0.000017
154.000000	0.000037
155.000000	0.000018
156.000000	0.000044
157.000000	0.000019
158.000000	0.000018
159.000000	0.000019
160.000000	0.000019
161.000000	0.000019
162.000000	0.000019
163.000000	0.000019
164.000000	0.000065
165.000000	0.000020
166.000000	0.000020
167.000000	0.000020
168.000000	0.000020
169.000000	0.000020
170.000000	0.000021
171.000000	0.000021
172.000000	0.000021
173.000000	0.000054
174.000000	0.000022
175.000000	0.000021
176.000000	0.000022
177.000000	0.000022
178.000000	0.000022
179.000000	0.000023
180.000000	0.000023
181.000000	0.000023
182.000000	0.000037
183.000000	0.000023
184.000000	0.000023
185.000000	0.000024
186.000000	0.000025
187.000000	0.000024
188.000000	0.000025
189.000000	0.000025
190.000000	0.000070
191.000000	0.000025
192.000000	0.000025
193.000000	0.000026
194.000000	0.000026
195.000000	0.000027
196.000000	0.000027
197.000000	0.000027
198.000000	0.000053
199.000000	0.000027
200.000000	0.000027
201.000000	0.000028
202.000000	0.000028
203.000000	0.000028
204.000000	0.000029
205.000000	0.000029
206.000000	0.000029
207.000000	0.000029
208.000000	0.000029
209.000000	0.000030
210.000000	0.000031
211.000000	0.000031
212.000000	0.000066
213.000000	0.000031
214.000000	0.000032
215.000000	0.000032
216.000000	0.000033
217.000000	0.000032
218.000000	0.000033
219.000000	0.000034
220.000000	0.000033
221.000000	0.000033
222.000000	0.000034
223.000000	0.000034
224.000000	0.000034
225.000000	0.000035
226.000000	0.000035
227.000000	0.000051
228.000000	0.000035
229.000000	0.000036
230.000000	0.000036
231.000000	0.000036
232.000000	0.000068
233.000000	0.000036
234.000000	0.000037
235.000000	0.000054
236.000000	0.000038
237.000000	0.000038
238.000000	0.000038
239.000000	0.000038
240.000000	0.000038
241.000000	0.000038
242.000000	0.000052
243.000000	0.000039
244.000000	0.000039
245.000000	0.000040
246.000000	0.000067
247.000000	0.000041
248.000000	0.000041
249.000000	0.000041
250.000000	0.000041
251.000000	0.000042
252.000000	0.000042
253.000000	0.000043
254.000000	0.000043
255.000000	0.000043
256.000000	0.000045
257.000000	0.000136
258.000000	0.000101
259.000000	0.000104
260.000000	0.000081
261.000000	0.000067
262.000000	0.000046
263.000000	0.000068
264.000000	0.000047
265.000000	0.000048
266.000000	0.000047
267.000000	0.000048
268.000000	0.000048
269.000000	0.000048
270.000000	0.000049
271.000000	0.000049
272.000000	0.000049
273.000000	0.000050
274.000000	0.000111
275.000000	0.000063
276.000000	0.000073
277.000000	0.000050
278.000000	0.000053
279.000000	0.000054
280.000000	0.000054
281.000000	0.000054
282.000000	0.000054
283.000000	0.000054
284.000000	0.000054
285.000000	0.000055
286.000000	0.000056
287.000000	0.000056
288.000000	0.000117
289.000000	0.000056
290.000000	0.000057
291.000000	0.000057
292.000000	0.000057
293.000000	0.000058
294.000000	0.000058
295.000000	0.000059
296.000000	0.000060
297.000000	0.000060
298.000000	0.000061
299.000000	0.000061
300.000000	0.000061
301.000000	0.000062
302.000000	0.000062
303.000000	0.000062
304.000000	0.000062
305.000000	0.000099
306.000000	0.000063
307.000000	0.000064
308.000000	0.000064
309.000000	0.000112
310.000000	0.000064
311.000000	0.000065
312.000000	0.000066
313.000000	0.000110
314.000000	0.000066
315.000000	0.000066
316.000000	0.000067
317.000000	0.000084
318.000000	0.000067
319.000000	0.000068
320.000000	0.000068
321.000000	0.000086
322.000000	0.000070
323.000000	0.000069
324.000000	0.000070
325.000000	0.000070
326.000000	0.000071
327.000000	0.000071
328.000000	0.000072
329.000000	0.000072
330.000000	0.000073
331.000000	0.000073
332.000000	0.000073
333.000000	0.000074
334.000000	0.000074
335.000000	0.000075
336.000000	0.000075
337.000000	0.000075
338.000000	0.000076
339.000000	0.000076
340.000000	0.000077
341.000000	0.000078
342.000000	0.000078
343.000000	0.000078
344.000000	0.000079
345.000000	0.000079
346.000000	0.000080
347.000000	0.000080
348.000000	0.000080
349.000000	0.000081
350.000000	0.000081
351.000000	0.000081
352.000000	0.000082
353.000000	0.000082
354.000000	0.000082
355.000000	0.000083
356.000000	0.000083
357.000000	0.000085
358.000000	0.000095
359.000000	0.000085
360.000000	0.000086
361.000000	0.000086
362.000000	0.000087
363.000000	0.000087
364.000000	0.000088
365.000000	0.000091
366.000000	0.000089
367.000000	0.000089
368.000000	0.000089
369.000000	0.000089
370.000000	0.000090
371.000000	0.000091
372.000000	0.000100
373.000000	0.000091
374.000000	0.000092
375.000000	0.000093
376.000000	0.000093
377.000000	0.000093
378.000000	0.000093
379.000000	0.000094
380.000000	0.000095
381.000000	0.000095
382.000000	0.000096
383.000000	0.000096
384.000000	0.000096
385.000000	0.000097
386.000000	0.000098
387.000000	0.000098
388.000000	0.000098
389.000000	0.000099
390.000000	0.000099
391.000000	0.000103
392.000000	0.000101
393.000000	0.000101
394.000000	0.000107
395.000000	0.000102
396.000000	0.000102
397.000000	0.000107
398.000000	0.000104
399.000000	0.000103
400.000000	0.000107
401.000000	0.000104
402.000000	0.000105
403.000000	0.000106
404.000000	0.000106
405.000000	0.000107
406.000000	0.000108
407.000000	0.000107
408.000000	0.000108
409.000000	0.000113
410.000000	0.000109
411.000000	0.000109
412.000000	0.000113
413.000000	0.000111
414.000000	0.000111
415.000000	0.000115
416.000000	0.000112
417.000000	0.000113
418.000000	0.000113
419.000000	0.000114
420.000000	0.000114
421.000000	0.000115
422.000000	0.000115
423.000000	0.000116
424.000000	0.000116
425.000000	0.000117
426.000000	0.000117
427.000000	0.000118
428.000000	0.000119
429.000000	0.000128
430.000000	0.000120
431.000000	0.000120
432.000000	0.000121
433.000000	0.000122
434.000000	0.000122
435.000000	0.000122
436.000000	0.000122
437.000000	0.000126
438.000000	0.000124
439.000000	0.000125
440.000000	0.000125
441.000000	0.000126
442.000000	0.000126
443.000000	0.000127
444.000000	0.000127
445.000000	0.000131
446.000000	0.000128
447.000000	0.000128
448.000000	0.000129
449.000000	0.000129
450.000000	0.000134
451.000000	0.000131
452.000000	0.000131
453.000000	0.000132
454.000000	0.000132
455.000000	0.000137
456.000000	0.000134
457.000000	0.000134
458.000000	0.000134
459.000000	0.000136
460.000000	0.000142
461.000000	0.000136
462.000000	0.000137
463.000000	0.000138
464.000000	0.000138
465.000000	0.000142
466.000000	0.000139
467.000000	0.000140
468.000000	0.000140
469.000000	0.000141
470.000000	0.000174
471.000000	0.000143
472.000000	0.000146
473.000000	0.000144
474.000000	0.000143
475.000000	0.000144
476.000000	0.000145
477.000000	0.000149
478.000000	0.000146
479.000000	0.000154
480.000000	0.000148
481.000000	0.000148
482.000000	0.000148
483.000000	0.000149
484.000000	0.000149
485.000000	0.000150
486.000000	0.000194
487.000000	0.000152
488.000000	0.000201
489.000000	0.000153
490.000000	0.000157
491.000000	0.000154
492.000000	0.000155
493.000000	0.000155
494.000000	0.000156
495.000000	0.000156
496.000000	0.000157
497.000000	0.000158
498.000000	0.000159
499.000000	0.000159
500.000000	0.000159
501.000000	0.000160
502.000000	0.000160
503.000000	0.000161
504.000000	0.000162
505.000000	0.000165
506.000000	0.000163
507.000000	0.000170
508.000000	0.000165
509.000000	0.000165
510.000000	0.000166
511.000000	0.000167
512.000000	0.000167
513.000000	0.000167
514.000000	0.000168
515.000000	0.000169
516.000000	0.000170
517.000000	0.000170
518.000000	0.000171
519.000000	0.000171
520.000000	0.000206
521.000000	0.000173
522.000000	0.000173
523.000000	0.000174
524.000000	0.000178
525.000000	0.000175
526.000000	0.000182
527.000000	0.000176
528.000000	0.000180
529.000000	0.000177
530.000000	0.000181
531.000000	0.000179
532.000000	0.000183
533.000000	0.000180
534.000000	0.000187
535.000000	0.000181
536.000000	0.000186
537.000000	0.000183
538.000000	0.000186
539.000000	0.000183
540.000000	0.000184
541.000000	0.000186
542.000000	0.000186
543.000000	0.000187
544.000000	0.000187
545.000000	0.000188
546.000000	0.000189
547.000000	0.000190
548.000000	0.000190
549.000000	0.000191
550.000000	0.000192
551.000000	0.000192
552.000000	0.000193
553.000000	0.000197
554.000000	0.000194
555.000000	0.000198
556.000000	0.000195
557.000000	0.000199
558.000000	0.000196
559.000000	0.000197
560.000000	0.000198
561.000000	0.000199
562.000000	0.000200
563.000000	0.000200
564.000000	0.000201
565.000000	0.000202
566.000000	0.000206
567.000000	0.000203
568.000000	0.000207
569.000000	0.000204
570.000000	0.000205
571.000000	0.000205
572.000000	0.000207
573.000000	0.000207
574.000000	0.000207
575.000000	0.000212
576.000000	0.000209
577.000000	0.000213
578.000000	0.000210
579.000000	0.000211
580.000000	0.000212
581.000000	0.000213
582.000000	0.000217
583.000000	0.000214
584.000000	0.000218
585.000000	0.000215
586.000000	0.000217
587.000000	0.000217
588.000000	0.000217
589.000000	0.000222
590.000000	0.000219
591.000000	0.000219
592.000000	0.000221
593.000000	0.000221
594.000000	0.000227
595.000000	0.000222
596.000000	0.000223
597.000000	0.000224
598.000000	0.000224
599.000000	0.000229
600.000000	0.000226
601.000000	0.000227
602.000000	0.000228
603.000000	0.000228
604.000000	0.000232
605.000000	0.000229
606.000000	0.000231
607.000000	0.000231
608.000000	0.000232
609.000000	0.000347
610.000000	0.000286
611.000000	0.000234
612.000000	0.000235
613.000000	0.000241
614.000000	0.000236
615.000000	0.000238
616.000000	0.000241
617.000000	0.000238
618.000000	0.000240
619.000000	0.000240
620.000000	0.000240
621.000000	0.000242
622.000000	0.000243
623.000000	0.000243
624.000000	0.000243
625.000000	0.000244
626.000000	0.000245
627.000000	0.000250
628.000000	0.000247
629.000000	0.000248
630.000000	0.000252
631.000000	0.000249
632.000000	0.000250
633.000000	0.000256
634.000000	0.000252
635.000000	0.000253
636.000000	0.000256
637.000000	0.000253
638.000000	0.000254
639.000000	0.000261
640.000000	0.000257
641.000000	0.000257
642.000000	0.000260
643.000000	0.000258
644.000000	0.000260
645.000000	0.000309
646.000000	0.000260
647.000000	0.000262
648.000000	0.000268
649.000000	0.000263
650.000000	0.000264
651.000000	0.000265
652.000000	0.000266
653.000000	0.000266
654.000000	0.000267
655.000000	0.000272
656.000000	0.000268
657.000000	0.000270
658.000000	0.000273
659.000000	0.000271
660.000000	0.000272
661.000000	0.000275
662.000000	0.000273
663.000000	0.000274
664.000000	0.000275
665.000000	0.000279
666.000000	0.000277
667.000000	0.000277
668.000000	0.000284
669.000000	0.000279
670.000000	0.000280
671.000000	0.000280
672.000000	0.000325
673.000000	0.000282
674.000000	0.000283
675.000000	0.000299
676.000000	0.000354
677.000000	0.000285
678.000000	0.000287
679.000000	0.000287
680.000000	0.000292
681.000000	0.000289
682.000000	0.000289
683.000000	0.000291
684.000000	0.000294
685.000000	0.000293
686.000000	0.000293
687.000000	0.000293
688.000000	0.000298
689.000000	0.000296
690.000000	0.000296
691.000000	0.000297
692.000000	0.000303
693.000000	0.000299
694.000000	0.000300
695.000000	0.000301
696.000000	0.000305
697.000000	0.000302
698.000000	0.000303
699.000000	0.000304
700.000000	0.000307
701.000000	0.000309
702.000000	0.000307
703.000000	0.000307
704.000000	0.000308
705.000000	0.000313
706.000000	0.000313
707.000000	0.000310
708.000000	0.000311
709.000000	0.000312
710.000000	0.000316
711.000000	0.000314
712.000000	0.000315
713.000000	0.000316
714.000000	0.000316
715.000000	0.000321
716.000000	0.000319
717.000000	0.000319
718.000000	0.000320
719.000000	0.000320
720.000000	0.000324
721.000000	0.000323
722.000000	0.000323
723.000000	0.000324
724.000000	0.000325
725.000000	0.000329
726.000000	0.000330
727.000000	0.000327
728.000000	0.000328
729.000000	0.000330
730.000000	0.000330
731.000000	0.000336
732.000000	0.000338
733.000000	0.000333
734.000000	0.000334
735.000000	0.000335
736.000000	0.000336
737.000000	0.000342
738.000000	0.000341
739.000000	0.000342
740.000000	0.000339
741.000000	0.000340
742.000000	0.000341
743.000000	0.000342
744.000000	0.000347
745.000000	0.000347
746.000000	0.000344
747.000000	0.000346
748.000000	0.000347
749.000000	0.000348
750.000000	0.000348
751.000000	0.000397
752.000000	0.000353
753.000000	0.000351
754.000000	0.000352
755.000000	0.000353
756.000000	0.000354
757.000000	0.000354
758.000000	0.000356
759.000000	0.000402
760.000000	0.000363
761.000000	0.000407
762.000000	0.000403
763.000000	0.000360
764.000000	0.000361
765.000000	0.000362
766.000000	0.000363
767.000000	0.000364
768.000000	0.000364
769.000000	0.000365
770.000000	0.000366
771.000000	0.000367
772.000000	0.000459
773.000000	0.000410
774.000000	0.000414
775.000000	0.000415
776.000000	0.000413
777.000000	0.000414
778.000000	0.000422
779.000000	0.000378
780.000000	0.000379
781.000000	0.000376
782.000000	0.000377
783.000000	0.000379
784.000000	0.000380
785.000000	0.000380
786.000000	0.000381
787.000000	0.000382
788.000000	0.000383
789.000000	0.000384
790.000000	0.000389
791.000000	0.000390
792.000000	0.000393
793.000000	0.000467
794.000000	0.000453
795.000000	0.000456
796.000000	0.000452
797.000000	0.000438
798.000000	0.000456
799.000000	0.000460
800.000000	0.000460
801.000000	0.000458
802.000000	0.000438
803.000000	0.000439
804.000000	0.000403
805.000000	0.000403
806.000000	0.000404
807.000000	0.000405
808.000000	0.000408
809.000000	0.000407
810.000000	0.000408
811.000000	0.000408
812.000000	0.000412
813.000000	0.000411
814.000000	0.000411
815.000000	0.000413
816.000000	0.000416
817.000000	0.000411
818.000000	0.000416
819.000000	0.000416
820.000000	0.000419
821.000000	0.000418
822.000000	0.000454
823.000000	0.000456
824.000000	0.000463
825.000000	0.000463
826.000000	0.000468
827.000000	0.000464
828.000000	0.000471
829.000000	0.000436
830.000000	0.000424
831.000000	0.000425
832.000000	0.000425
833.000000	0.000427
834.000000	0.000428
835.000000	0.000429
836.000000	0.000430
837.000000	0.000471
838.000000	0.000435
839.000000	0.000440
840.000000	0.000438
841.000000	0.000439
842.000000	0.000439
843.000000	0.000443
844.000000	0.000442
845.000000	0.000442
846.000000	0.000486
847.000000	0.000507
848.000000	0.000442
849.000000	0.000443
850.000000	0.000444
851.000000	0.000490
852.000000	0.000490
853.000000	0.000510
854.000000	0.000454
855.000000	0.000463
856.000000	0.000451
857.000000	0.000452
858.000000	0.000453
859.000000	0.000453
860.000000	0.000455
861.000000	0.000498
862.000000	0.000502
863.000000	0.000505
864.000000	0.000501
865.000000	0.000459
866.000000	0.000461
867.000000	0.000462
868.000000	0.000463
869.000000	0.000466
870.000000	0.000470
871.000000	0.000469
872.000000	0.000470
873.000000	0.000471
874.000000	0.000469
875.000000	0.000470
876.000000	0.000471
877.000000	0.000472
878.000000	0.000477
879.000000	0.000477
880.000000	0.000478
881.000000	0.000481
882.000000	0.000477
883.000000	0.000478
884.000000	0.000480
885.000000	0.000480
886.000000	0.000485
887.000000	0.000486
888.000000	0.000489
889.000000	0.000485
890.000000	0.000486
891.000000	0.000487
892.000000	0.000491
893.000000	0.000492
894.000000	0.000493
895.000000	0.000497
896.000000	0.000492
897.000000	0.000493
898.000000	0.000494
899.000000	0.000499
900.000000	0.000500
901.000000	0.000498
902.000000	0.000499
903.000000	0.000500
904.000000	0.000504
905.000000	0.000505
906.000000	0.000506
907.000000	0.000504
908.000000	0.000505
909.000000	0.000509
910.000000	0.000542
911.000000	0.000514
912.000000	0.000509
913.000000	0.000510
914.000000	0.000552
915.000000	0.000518
916.000000	0.000517
917.000000	0.000517
918.000000	0.000516
919.000000	0.000521
920.000000	0.000521
921.000000	0.000519
922.000000	0.000520
923.000000	0.000522
924.000000	0.000528
925.000000	0.000527
926.000000	0.000525
927.000000	0.000526
928.000000	0.000531
929.000000	0.000531
930.000000	0.000529
931.000000	0.000531
932.000000	0.000579
933.000000	0.000597
934.000000	0.000533
935.000000	0.000538
936.000000	0.000540
937.000000	0.000542
938.000000	0.000538
939.000000	0.000543
940.000000	0.000546
941.000000	0.000545
942.000000	0.000542
943.000000	0.000551
944.000000	0.000548
945.000000	0.000546
946.000000	0.000547
947.000000	0.000552
948.000000	0.000553
949.000000	0.000550
950.000000	0.000555
951.000000	0.000556
952.000000	0.000554
953.000000	0.000555
954.000000	0.000559
955.000000	0.000561
956.000000	0.000558
957.000000	0.000563
958.000000	0.000564
959.000000	0.000562
960.000000	0.000563
961.000000	0.000567
962.000000	0.000565
963.000000	0.000567
964.000000	0.000571
965.000000	0.000568
966.000000	0.000571
967.000000	0.000575
968.000000	0.000575
969.000000	0.000573
970.000000	0.000578
971.000000	0.000579
972.000000	0.000586
973.000000	0.000581
974.000000	0.000579
975.000000	0.000581
976.000000	0.000585
977.000000	0.000583
978.000000	0.000588
979.000000	0.000589
980.000000	0.000586
981.000000	0.000591
982.000000	0.000588
983.000000	0.000590
984.000000	0.000595
985.000000	0.000593
986.000000	0.000598
987.000000	0.000598
988.000000	0.000596
989.000000	0.000602
990.000000	0.000602
991.000000	0.000599
992.000000	0.000605
993.000000	0.000602
994.000000	0.000664
995.000000	0.000641
996.000000	0.000651
997.000000	0.000609
998.000000	0.000608
999.000000	0.000613
1000.000000	0.000610
1001.000000	0.000615
1002.000000	0.000616
1003.000000	0.000616
1004.000000	0.000619
1005.000000	0.000616
1006.000000	0.000620
1007.000000	0.000618
1008.000000	0.000622
1009.000000	0.000621
1010.000000	0.000626
1011.000000	0.000627
1012.000000	0.000624
1013.000000	0.000629
1014.000000	0.000626
1015.000000	0.000632
1016.000000	0.000629
1017.000000	0.000634
1018.000000	0.000631
1019.000000	0.000674
1020.000000	0.000634
1021.000000	0.000681
1022.000000	0.000679
1023.000000	0.000685
1024.000000	0.000639
1025.000000	0.000843
1026.000000	0.000649
1027.000000	0.000689
1028.000000	0.000703
1029.000000	0.000650
1030.000000	0.000654
1031.000000	0.000662
1032.000000	0.000657
1033.000000	0.000655
1034.000000	0.000659
1035.000000	0.000657
1036.000000	0.000663
1037.000000	0.000666
1038.000000	0.000664
1039.000000	0.000662
1040.000000	0.000666
1041.000000	0.000664
1042.000000	0.000670
1043.000000	0.000674
1044.000000	0.000674
1045.000000	0.000669
1046.000000	0.000673
1047.000000	0.000675
1048.000000	0.000720
1049.000000	0.000733
1050.000000	0.000676
1051.000000	0.000681
1052.000000	0.000678
1053.000000	0.000684
1054.000000	0.000686
1055.000000	0.000692
1056.000000	0.000686
1057.000000	0.000685
1058.000000	0.000689
1059.000000	0.000686
1060.000000	0.000691
1061.000000	0.000700
1062.000000	0.000696
1063.000000	0.000753
1064.000000	0.000693
1065.000000	0.000698
1066.000000	0.000698
1067.000000	0.000709
1068.000000	0.000702
1069.000000	0.000700
1070.000000	0.000705
1071.000000	0.000705
1072.000000	0.000709
1073.000000	0.000714
1074.000000	0.000771
1075.000000	0.000758
1076.000000	0.000756
1077.000000	0.000709
1078.000000	0.000715
1079.000000	0.000723
1080.000000	0.000713
1081.000000	0.000718
1082.000000	0.000719
1083.000000	0.000717
1084.000000	0.000724
1085.000000	0.000774
1086.000000	0.000721
1087.000000	0.000726
1088.000000	0.000727
1089.000000	0.000729
1090.000000	0.000731
1091.000000	0.000739
1092.000000	0.000732
1093.000000	0.000735
1094.000000	0.000735
1095.000000	0.000740
1096.000000	0.000739
1097.000000	0.000747
1098.000000	0.000741
1099.000000	0.000781
1100.000000	0.000743
1101.000000	0.000741
1102.000000	0.000747
1103.000000	0.000753
1104.000000	0.000744
1105.000000	0.000751
1106.000000	0.000752
1107.000000	0.000755
1108.000000	0.000753
1109.000000	0.000763
1110.000000	0.000757
1111.000000	0.000757
1112.000000	0.000760
1113.000000	0.000760
1114.000000	0.000762
1115.000000	0.000759
1116.000000	0.000763
1117.000000	0.000765
1118.000000	0.000767
1119.000000	0.000772
1120.000000	0.000770
1121.000000	0.000779
1122.000000	0.000771
1123.000000	0.000810
1124.000000	0.000817
1125.000000	0.000816
1126.000000	0.000777
1127.000000	0.000787
1128.000000	0.000778
1129.000000	0.000782
1130.000000	0.000783
1131.000000	0.000784
1132.000000	0.000782
1133.000000	0.000804
1134.000000	0.000788
1135.000000	0.000790
1136.000000	0.000790
1137.000000	0.000790
1138.000000	0.000794
1139.000000	0.000802
1140.000000	0.000796
1141.000000	0.000797
1142.000000	0.000796
1143.000000	0.000800
1144.000000	0.000803
1145.000000	0.000810
1146.000000	0.000805
1147.000000	0.000803
1148.000000	0.000807
1149.000000	0.000808
1150.000000	0.000810
1151.000000	0.000818
1152.000000	0.000812
1153.000000	0.000810
1154.000000	0.000812
1155.000000	0.000820
1156.000000	0.000818
1157.000000	0.000828
1158.000000	0.000856
1159.000000	0.000823
1160.000000	0.000820
1161.000000	0.000825
1162.000000	0.000828
1163.000000	0.000835
1164.000000	0.000829
1165.000000	0.000830
1166.000000	0.000832
1167.000000	0.000874
1168.000000	0.000871
1169.000000	0.000886
1170.000000	0.000882
1171.000000	0.000839
1172.000000	0.000840
1173.000000	0.000838
1174.000000	0.000843
1175.000000	0.000855
1176.000000	0.000889
1177.000000	0.000849
1178.000000	0.000886
1179.000000	0.000852
1180.000000	0.000851
1181.000000	0.000862
1182.000000	0.000854
1183.000000	0.000858
1184.000000	0.000856
1185.000000	0.000860
1186.000000	0.000897
1187.000000	0.000926
1188.000000	0.000903
1189.000000	0.000865
1190.000000	0.000865
1191.000000	0.000868
1192.000000	0.000864
1193.000000	0.000874
1194.000000	0.000868
1195.000000	0.000870
1196.000000	0.000874
1197.000000	0.000918
1198.000000	0.000876
1199.000000	0.000941
1200.000000	0.000881
1201.000000	0.000883
1202.000000	0.000883
1203.000000	0.000885
1204.000000	0.000886
1205.000000	0.000896
1206.000000	0.000888
1207.000000	0.000926
1208.000000	0.000891
1209.000000	0.000927
1210.000000	0.000930
1211.000000	0.000930
1212.000000	0.000898
1213.000000	0.000898
1214.000000	0.000900
1215.000000	0.000900
1216.000000	0.000903
1217.000000	0.000910
1218.000000	0.000906
1219.000000	0.000907
1220.000000	0.000908
1221.000000	0.000909
1222.000000	0.000924
1223.000000	0.000916
1224.000000	0.000914
1225.000000	0.000918
1226.000000	0.000917
1227.000000	0.000921
1228.000000	0.000955
1229.000000	0.000929
1230.000000	0.000924
1231.000000	0.000924
1232.000000	0.000928
1233.000000	0.000927
1234.000000	0.000969
1235.000000	0.000938
1236.000000	0.000931
1237.000000	0.000978
1238.000000	0.000935
1239.000000	0.001046
1240.000000	0.000974
1241.000000	0.000984
1242.000000	0.000980
1243.000000	0.000984
1244.000000	0.000980
1245.000000	0.000987
1246.000000	0.000986
1247.000000	0.000954
1248.000000	0.000992
1249.000000	0.000997
1250.000000	0.000953
1251.000000	0.000954
1252.000000	0.000955
1253.000000	0.000964
1254.000000	0.000958
1255.000000	0.000992
1256.000000	0.000963
1257.000000	0.000962
1258.000000	0.000967
1259.000000	0.000972
1260.000000	0.001003
1261.000000	0.000969
1262.000000	0.000970
1263.000000	0.001007
1264.000000	0.001012
1265.000000	0.001019
1266.000000	0.001017
1267.000000	0.000977
1268.000000	0.000981
1269.000000	0.000981
1270.000000	0.000982
1271.000000	0.000992
1272.000000	0.000985
1273.000000	0.000988
1274.000000	0.000988
1275.000000	0.000989
1276.000000	0.000992
1277.000000	0.001000
1278.000000	0.000994
1279.000000	0.000995
1280.000000	0.000999
1281.000000	0.000998
1282.000000	0.001002
1283.000000	0.001009
1284.000000	0.001005
1285.000000	0.001046
1286.000000	0.001047
1287.000000	0.001009
1288.000000	0.001009
1289.000000	0.001019
1290.000000	0.001012
1291.000000	0.001053
1292.000000	0.001016
1293.000000	0.001017
1294.000000	0.001018
1295.000000	0.001027
1296.000000	0.001110
1297.000000	0.001065
1298.000000	0.001081
1299.000000	0.001069
1300.000000	0.001065
1301.000000	0.001142
1302.000000	0.001177
1303.000000	0.001074
1304.000000	0.001076
1305.000000	0.001076
1306.000000	0.001081
1307.000000	0.001122
1308.000000	0.001087
1309.000000	0.001090
1310.000000	0.001091
1311.000000	0.001085
1312.000000	0.001046
1313.000000	0.001056
1314.000000	0.001053
1315.000000	0.001051
1316.000000	0.001053
1317.000000	0.001055
1318.000000	0.001055
1319.000000	0.001139
1320.000000	0.001116
1321.000000	0.001105
1322.000000	0.001124
1323.000000	0.001104
1324.000000	0.001120
1325.000000	0.001073
1326.000000	0.001070
1327.000000	0.001070
1328.000000	0.001073
1329.000000	0.001092
1330.000000	0.001074
1331.000000	0.001084
1332.000000	0.001077
1333.000000	0.001079
1334.000000	0.001121
1335.000000	0.001083
1336.000000	0.001085
1337.000000	0.001094
1338.000000	0.001089
1339.000000	0.001089
1340.000000	0.001090
1341.000000	0.001094
1342.000000	0.001093
1343.000000	0.001103
1344.000000	0.001097
1345.000000	0.001097
1346.000000	0.001101
1347.000000	0.001101
1348.000000	0.001103
1349.000000	0.001113
1350.000000	0.001106
1351.000000	0.001108
1352.000000	0.001109
1353.000000	0.001149
1354.000000	0.001156
1355.000000	0.001158
1356.000000	0.001120
1357.000000	0.001151
1358.000000	0.001119
1359.000000	0.001122
1360.000000	0.001123
1361.000000	0.001131
1362.000000	0.001128
1363.000000	0.001127
1364.000000	0.001128
1365.000000	0.001130
1366.000000	0.001132
1367.000000	0.001145
1368.000000	0.001135
1369.000000	0.001136
1370.000000	0.001138
1371.000000	0.001139
1372.000000	0.001143
1373.000000	0.001150
1374.000000	0.001148
1375.000000	0.001147
1376.000000	0.001148
1377.000000	0.001150
1378.000000	0.001153
1379.000000	0.001162
1380.000000	0.001156
1381.000000	0.001158
1382.000000	0.001158
1383.000000	0.001159
1384.000000	0.001320
1385.000000	0.001172
1386.000000	0.001166
1387.000000	0.001166
1388.000000	0.001169
1389.000000	0.001171
1390.000000	0.001174
1391.000000	0.001180
1392.000000	0.001175
1393.000000	0.001178
1394.000000	0.001178
1395.000000	0.001180
1396.000000	0.001219
1397.000000	0.001190
1398.000000	0.001185
1399.000000	0.001230
1400.000000	0.001233
1401.000000	0.001230
1402.000000	0.001190
1403.000000	0.001197
1404.000000	0.001194
1405.000000	0.001196
1406.000000	0.001272
1407.000000	0.001200
1408.000000	0.001202
1409.000000	0.001210
1410.000000	0.001205
1411.000000	0.001206
1412.000000	0.001208
1413.000000	0.001214
1414.000000	0.001212
1415.000000	0.001257
1416.000000	0.001255
1417.000000	0.001269
1418.000000	0.001303
1419.000000	0.001298
1420.000000	0.001265
1421.000000	0.001267
1422.000000	0.001224
1423.000000	0.001227
1424.000000	0.001231
1425.000000	0.001233
1426.000000	0.001231
1427.000000	0.001240
1428.000000	0.001281
1429.000000	0.001309
1430.000000	0.001316
1431.000000	0.001319
1432.000000	0.001241
1433.000000	0.001251
1434.000000	0.001245
1435.000000	0.001247
1436.000000	0.001250
1437.000000	0.001253
1438.000000	0.001253
1439.000000	0.001259
1440.000000	0.001254
1441.000000	0.001256
1442.000000	0.001263
1443.000000	0.001333
1444.000000	0.001341
1445.000000	0.001308
1446.000000	0.001265
1447.000000	0.001308
1448.000000	0.001270
1449.000000	0.001271
1450.000000	0.001272
1451.000000	0.001286
1452.000000	0.001279
1453.000000	0.001289
1454.000000	0.001279
1455.000000	0.001282
1456.000000	0.001282
1457.000000	0.001291
1458.000000	0.001348
1459.000000	0.001378
1460.000000	0.001291
1461.000000	0.001291
1462.000000	0.001293
1463.000000	0.001304
1464.000000	0.001299
1465.000000	0.001302
1466.000000	0.001303
1467.000000	0.001350
1468.000000	0.001306
1469.000000	0.001313
1470.000000	0.001307
1471.000000	0.001343
1472.000000	0.001311
1473.000000	0.001312
1474.000000	0.001317
1475.000000	0.001322
1476.000000	0.001321
1477.000000	0.001319
1478.000000	0.001367
1479.000000	0.001363
1480.000000	0.001326
1481.000000	0.001333
1482.000000	0.001330
1483.000000	0.001372
1484.000000	0.001422
1485.000000	0.001632
1486.000000	0.001379
1487.000000	0.001347
1488.000000	0.001427
1489.000000	0.001380
1490.000000	0.001386
1491.000000	0.001349
1492.000000	0.001350
1493.000000	0.001360
1494.000000	0.001394
1495.000000	0.001356
1496.000000	0.001358
1497.000000	0.001358
1498.000000	0.001355
1499.000000	0.001361
1500.000000	0.001361
1501.000000	0.001364
1502.000000	0.001405
1503.000000	0.001367
1504.000000	0.001372
1505.000000	0.001380
1506.000000	0.001375
1507.000000	0.001412
1508.000000	0.001418
1509.000000	0.001412
1510.000000	0.001467
1511.000000	0.001463
1512.000000	0.001429
1513.000000	0.001384
1514.000000	0.001387
1515.000000	0.001391
1516.000000	0.001430
1517.000000	0.001401
1518.000000	0.001393
1519.000000	0.001394
1520.000000	0.001398
1521.000000	0.001399
1522.000000	0.001404
1523.000000	0.001414
1524.000000	0.001406
1525.000000	0.001408
1526.000000	0.001406
1527.000000	0.001536
1528.000000	0.001412
1529.000000	0.001421
1530.000000	0.001413
1531.000000	0.001418
1532.000000	0.001419
1533.000000	0.001424
1534.000000	0.001420
1535.000000	0.001430
1536.000000	0.001427
1537.000000	0.001510
1538.000000	0.001430
1539.000000	0.001431
1540.000000	0.001437
1541.000000	0.001444
1542.000000	0.001437
1543.000000	0.001438
1544.000000	0.001444
1545.000000	0.001486
1546.000000	0.001447
1547.000000	0.001452
1548.000000	0.001451
1549.000000	0.001450
1550.000000	0.001451
1551.000000	0.001454
1552.000000	0.001459
1553.000000	0.001468
1554.000000	0.001456
1555.000000	0.001465
1556.000000	0.001465
1557.000000	0.001468
1558.000000	0.001464
1559.000000	0.001478
1560.000000	0.001468
1561.000000	0.001473
1562.000000	0.001515
1563.000000	0.001512
1564.000000	0.001480
1565.000000	0.001487
1566.000000	0.001522
1567.000000	0.001484
1568.000000	0.001487
1569.000000	0.001485
1570.000000	0.001493
1571.000000	0.001495
1572.000000	0.001496
1573.000000	0.001492
1574.000000	0.001497
1575.000000	0.001500
1576.000000	0.001500
1577.000000	0.001509
1578.000000	0.001507
1579.000000	0.001503
1580.000000	0.001513
1581.000000	0.001508
1582.000000	0.001514
1583.000000	0.001553
1584.000000	0.001516
1585.000000	0.001518
1586.000000	0.001562
1587.000000	0.001522
1588.000000	0.001520
1589.000000	0.001535
1590.000000	0.001525
1591.000000	0.001532
1592.000000	0.001528
1593.000000	0.001536
1594.000000	0.001531
1595.000000	0.001538
1596.000000	0.001535
1597.000000	0.001543
1598.000000	0.001581
1599.000000	0.001632
1600.000000	0.001544
1601.000000	0.001555
1602.000000	0.001549
1603.000000	0.001582
1604.000000	0.001553
1605.000000	0.001556
1606.000000	0.001556
1607.000000	0.001567
1608.000000	0.001564
1609.000000	0.001565
1610.000000	0.001568
1611.000000	0.001563
1612.000000	0.001571
1613.000000	0.001574
1614.000000	0.001575
1615.000000	0.001572
1616.000000	0.001617
1617.000000	0.001578
1618.000000	0.001581
1619.000000	0.001593
1620.000000	0.001628
1621.000000	0.001664
1622.000000	0.001664
1623.000000	0.001595
1624.000000	0.001589
1625.000000	0.001723
1626.000000	0.001599
1627.000000	0.001610
1628.000000	0.001683
1629.000000	0.001605
1630.000000	0.001601
1631.000000	0.001613
1632.000000	0.001642
1633.000000	0.001606
1634.000000	0.001613
1635.000000	0.001614
1636.000000	0.001614
1637.000000	0.001625
1638.000000	0.001622
1639.000000	0.001619
1640.000000	0.001636
1641.000000	0.001625
1642.000000	0.001626
1643.000000	0.001667
1644.000000	0.001633
1645.000000	0.001632
1646.000000	0.001634
1647.000000	0.001637
1648.000000	0.001640
1649.000000	0.001649
1650.000000	0.001746
1651.000000	0.001644
1652.000000	0.001646
1653.000000	0.001651
1654.000000	0.001747
1655.000000	0.001659
1656.000000	0.001692
1657.000000	0.001657
1658.000000	0.001659
1659.000000	0.001658
1660.000000	0.001659
1661.000000	0.001670
1662.000000	0.001668
1663.000000	0.001705
1664.000000	0.001669
1665.000000	0.001713
1666.000000	0.001677
1667.000000	0.001683
1668.000000	0.001679
1669.000000	0.001677
1670.000000	0.001684
1671.000000	0.001684
1672.000000	0.001688
1673.000000	0.001690
1674.000000	0.001688
1675.000000	0.001690
1676.000000	0.001747
1677.000000	0.001694
1678.000000	0.001730
1679.000000	0.001708
1680.000000	0.001699
1681.000000	0.001701
1682.000000	0.001702
1683.000000	0.001706
1684.000000	0.001784
1685.000000	0.001756
1686.000000	0.001714
1687.000000	0.001993
1688.000000	0.001714
1689.000000	0.001719
1690.000000	0.001721
1691.000000	0.001728
1692.000000	0.001725
1693.000000	0.001731
1694.000000	0.001729
1695.000000	0.001733
1696.000000	0.001733
1697.000000	0.001743
1698.000000	0.001739
1699.000000	0.001773
1700.000000	0.001741
1701.000000	0.001740
1702.000000	0.001790
1703.000000	0.001790
1704.000000	0.001753
1705.000000	0.001853
1706.000000	0.001862
1707.000000	0.001797
1708.000000	0.001844
1709.000000	0.001837
1710.000000	0.001816
1711.000000	0.001759
1712.000000	0.001764
1713.000000	0.001764
1714.000000	0.001773
1715.000000	0.001782
1716.000000	0.001813
1717.000000	0.001778
1718.000000	0.001778
1719.000000	0.001824
1720.000000	0.001784
1721.000000	0.001794
1722.000000	0.001907
1723.000000	0.001981
1724.000000	0.001869
1725.000000	0.001795
1726.000000	0.001794
1727.000000	0.001803
1728.000000	0.001800
1729.000000	0.001799
1730.000000	0.001860
1731.000000	0.001802
1732.000000	0.001808
1733.000000	0.001815
1734.000000	0.001813
1735.000000	0.001810
1736.000000	0.001816
1737.000000	0.001815
1738.000000	0.001817
1739.000000	0.001828
1740.000000	0.001827
1741.000000	0.001826
1742.000000	0.001829
1743.000000	0.001825
1744.000000	0.001877
1745.000000	0.001842
1746.000000	0.001834
1747.000000	0.001841
1748.000000	0.001840
1749.000000	0.001840
1750.000000	0.001842
1751.000000	0.001854
1752.000000	0.001847
1753.000000	0.001848
1754.000000	0.001852
1755.000000	0.001858
1756.000000	0.001897
1757.000000	0.001866
1758.000000	0.001914
1759.000000	0.001863
1760.000000	0.001866
1761.000000	0.001867
1762.000000	0.001867
1763.000000	0.001877
1764.000000	0.001875
1765.000000	0.001873
1766.000000	0.001916
1767.000000	0.001877
1768.000000	0.001972
1769.000000	0.001934
1770.000000	0.001887
1771.000000	0.001887
1772.000000	0.001892
1773.000000	0.001892
1774.000000	0.001895
1775.000000	0.001902
1776.000000	0.001898
1777.000000	0.001903
1778.000000	0.001902
1779.000000	0.001906
1780.000000	0.001906
1781.000000	0.001917
1782.000000	0.001942
1783.000000	0.001914
1784.000000	0.001913
1785.000000	0.001919
1786.000000	0.001918
1787.000000	0.001922
1788.000000	0.001922
1789.000000	0.001926
1790.000000	0.001925
1791.000000	0.001930
1792.000000	0.001930
1793.000000	0.001940
1794.000000	0.001979
1795.000000	0.001969
1796.000000	0.001943
1797.000000	0.001940
1798.000000	0.001945
1799.000000	0.001951
1800.000000	0.001949
1801.000000	0.001948
1802.000000	0.001955
1803.000000	0.001954
1804.000000	0.001959
1805.000000	0.001961
1806.000000	0.001963
1807.000000	0.001963
1808.000000	0.002001
1809.000000	0.001968
1810.000000	0.001971
1811.000000	0.001980
1812.000000	0.001972
1813.000000	0.001978
1814.000000	0.001977
1815.000000	0.001982
1816.000000	0.002022
1817.000000	0.001993
1818.000000	0.001985
1819.000000	0.002027
1820.000000	0.001991
1821.000000	0.001994
1822.000000	0.001995
1823.000000	0.002003
1824.000000	0.002003
1825.000000	0.002003
1826.000000	0.002006
1827.000000	0.002004
1828.000000	0.002009
1829.000000	0.002017
1830.000000	0.002015
1831.000000	0.002015
1832.000000	0.002019
1833.000000	0.002017
1834.000000	0.002022
1835.000000	0.002028
1836.000000	0.002066
1837.000000	0.002027
1838.000000	0.002032
1839.000000	0.002066
1840.000000	0.002037
1841.000000	0.002045
1842.000000	0.002037
1843.000000	0.002042
1844.000000	0.002043
1845.000000	0.002090
1846.000000	0.002125
1847.000000	0.002058
1848.000000	0.002050
1849.000000	0.002056
1850.000000	0.002055
1851.000000	0.002061
1852.000000	0.002060
1853.000000	0.002106
1854.000000	0.002065
1855.000000	0.002066
1856.000000	0.002072
1857.000000	0.002069
1858.000000	0.002075
1859.000000	0.002083
1860.000000	0.002081
1861.000000	0.002116
1862.000000	0.002083
1863.000000	0.002118
1864.000000	0.002169
1865.000000	0.002186
1866.000000	0.002189
1867.000000	0.002171
1868.000000	0.002142
1869.000000	0.002097
1870.000000	0.002101
1871.000000	0.002112
1872.000000	0.002104
1873.000000	0.002145
1874.000000	0.002148
1875.000000	0.002113
1876.000000	0.002113
1877.000000	0.002124
1878.000000	0.002206
1879.000000	0.002122
1880.000000	0.002251
1881.000000	0.002125
1882.000000	0.002569
1883.000000	0.002130
1884.000000	0.002129
1885.000000	0.002137
1886.000000	0.002179
1887.000000	0.002296
1888.000000	0.004177
1889.000000	0.002420
1890.000000	0.002227
1891.000000	0.002260
1892.000000	0.002150
1893.000000	0.002150
1894.000000	0.002156
1895.000000	0.002162
1896.000000	0.002159
1897.000000	0.002159
1898.000000	0.002164
1899.000000	0.002163
1900.000000	0.002167
1901.000000	0.002175
1902.000000	0.002173
1903.000000	0.002174
1904.000000	0.002176
1905.000000	0.002177
1906.000000	0.002182
1907.000000	0.002191
1908.000000	0.002182
1909.000000	0.002188
1910.000000	0.002188
1911.000000	0.002193
1912.000000	0.002192
1913.000000	0.002203
1914.000000	0.002273
1915.000000	0.002203
1916.000000	0.002204
1917.000000	0.002207
1918.000000	0.002206
1919.000000	0.002214
1920.000000	0.002214
1921.000000	0.002246
1922.000000	0.002262
1923.000000	0.002218
1924.000000	0.002222
1925.000000	0.002228
1926.000000	0.002230
1927.000000	0.002230
1928.000000	0.002235
1929.000000	0.002231
1930.000000	0.002272
1931.000000	0.002317
1932.000000	0.002374
1933.000000	0.002241
1934.000000	0.002244
1935.000000	0.002245
1936.000000	0.002249
1937.000000	0.002355
1938.000000	0.002256
1939.000000	0.002257
1940.000000	0.002255
1941.000000	0.002261
1942.000000	0.002345
1943.000000	0.002277
1944.000000	0.002264
1945.000000	0.002272
1946.000000	0.002271
1947.000000	0.002276
1948.000000	0.002323
1949.000000	0.002283
1950.000000	0.002290
1951.000000	0.002282
1952.000000	0.002289
1953.000000	0.002286
1954.000000	0.002291
1955.000000	0.002299
1956.000000	0.002297
1957.000000	0.002296
1958.000000	0.002302
1959.000000	0.002300
1960.000000	0.002309
1961.000000	0.002312
1962.000000	0.002310
1963.000000	0.002311
1964.000000	0.002314
1965.000000	0.002323
1966.000000	0.002318
1967.000000	0.002332
1968.000000	0.002362
1969.000000	0.002333
1970.000000	0.002327
1971.000000	0.002330
1972.000000	0.002330
1973.000000	0.002429
1974.000000	0.002333
1975.000000	0.002381
1976.000000	0.002340
1977.000000	0.002344
1978.000000	0.002343
1979.000000	0.002437
1980.000000	0.002431
1981.000000	0.002353
1982.000000	0.002361
1983.000000	0.002429
1984.000000	0.002362
1985.000000	0.002370
1986.000000	0.002366
1987.000000	0.002400
1988.000000	0.002372
1989.000000	0.002407
1990.000000	0.002375
1991.000000	0.002388
1992.000000	0.002377
1993.000000	0.002384
1994.000000	0.002382
1995.000000	0.002388
1996.000000	0.002387
1997.000000	0.002402
1998.000000	0.002434
1999.000000	0.002473
